#U[mV]   #I[nA]  #eigentlichviolett
980      0.000
930      0.002
880      0.012
830      0.030
780      0.054
730      0.096
680      0.170
630      0.200
580      0.250
530      0.370
480      0.420
-20      1.560
-520     4.200
-1020    7.000
-1520   11.000
-2020   15.000
-3020   25.000
-4020   32.000
-5020   36.000
-6020   40.000
-7020   44.000
-8020   48.000
-9020   50.000
-10020  52.000
-11020  52.000
-12020  54.000
-13020  54.000
-14020  56.000
-15020  56.000
-16020  56.000
-17020  58.000
-18020  58.000